19 139 17 86 
35 206 12 93 
14 326 9 101 
45 105 46 126 
68 187 36 128 
78 273 43 126 
95 173 92 166 
136 221 104 170 
192 252 107 189 
44 95 155 220 
87 165 155 217 
135 213 157 210 
190 263 149 232 
42 111 213 272 
83 158 208 265 
118 234 215 268 
199 269 205 273 
6 142 257 325 
33 217 256 327 
63 289 240 333 
177 281 249 333 
0 151 299 365 
20 218 298 380 
92 258 300 358 
167 274 294 358 
37 104 340 416 
70 174 357 424 
129 204 369 424 
174 261 351 429 
28 121 395 459 
62 189 403 461 
115 231 412 468 
533 617 412 464 
0 82 0 106 
0 197 0 68 
0 300 0 51 
29 304 0 65 
574 636 0 97 
2 77 0 137 
0 188 19 105 
0 335 25 106 
25 298 31 100 
87 334 22 97 
133 399 0 89 
207 444 0 76 
212 537 12 75 
235 613 4 82 
294 639 0 87 
345 639 0 115 
429 639 0 148 
580 639 0 244 
11 72 0 238 
17 154 21 152 
0 343 15 145 
26 299 32 138 
83 336 41 155 
105 436 35 181 
181 487 54 171 
200 525 42 188 
226 599 27 200 
287 639 24 197 
355 639 0 224 
437 639 0 228 
10 158 0 308 
0 354 0 370 
9 321 0 325 
116 311 41 266 
152 400 59 233 
203 472 63 204 
204 546 50 207 
243 595 72 203 
269 639 63 210 
342 639 43 232 
454 639 23 244 
15 154 16 358 
0 335 0 415 
24 302 0 381 
151 284 95 286 
167 376 130 269 
160 509 151 238 
110 627 157 224 
109 639 177 232 
215 639 179 230 
348 639 160 234 
471 639 153 238 
14 171 91 404 
0 340 121 383 
14 307 157 348 
166 288 155 321 
135 392 177 298 
102 551 188 271 
83 639 183 254 
76 639 193 244 
158 639 192 244 
255 639 193 246 
469 639 198 260 
15 173 193 402 
0 380 188 390 
15 292 207 365 
181 285 199 349 
185 358 182 395 
133 505 210 363 
183 529 234 329 
216 633 256 308 
225 639 254 312 
260 639 236 318 
471 639 224 338 
18 72 184 474 
16 167 237 413 
0 369 241 437 
0 319 263 420 
158 300 266 399 
169 349 223 434 
120 498 222 441 
195 525 273 408 
274 565 319 382 
375 639 313 389 
507 638 288 397 
12 73 226 479 
7 171 291 467 
0 327 303 469 
2 315 333 469 
118 302 344 450 
134 383 301 442 
148 494 278 464 
228 516 301 456 
297 554 329 440 
331 615 323 443 
411 630 311 456 
497 630 309 464 
4 76 313 479 
4 162 372 474 
0 298 374 464 
35 291 383 455 
92 325 388 454 
136 376 384 453 
181 459 385 462 
245 491 386 458 
303 525 386 466 
321 621 361 479 
402 639 360 479 
502 620 376 479 
0 80 412 479 
0 129 0 257 
0 204 0 214 
0 279 0 198 
17 315 0 216 
55 375 0 214 
123 415 0 203 
163 478 0 199 
205 526 0 176 
243 582 0 184 
318 598 0 185 
385 627 0 181 
436 639 0 205 
515 639 0 261 
0 113 0 324 
0 188 0 272 
13 230 0 247 
56 275 0 254 
58 370 0 256 
111 420 0 234 
129 501 0 224 
148 579 0 204 
196 614 0 194 
242 639 0 197 
346 639 0 204 
449 639 0 249 
546 639 0 315 
0 86 0 401 
0 163 0 320 
29 228 0 304 
73 258 0 324 
57 387 0 329 
123 424 0 294 
175 470 0 274 
208 525 0 290 
176 639 0 265 
253 639 0 272 
367 638 0 244 
482 628 0 267 
571 639 0 369 
0 80 0 430 
22 158 0 344 
13 255 0 270 
26 299 0 282 
0 456 0 317 
31 517 0 296 
145 515 0 286 
193 553 0 269 
216 610 0 264 
257 639 0 272 
376 620 0 265 
464 635 0 272 
567 639 0 419 
0 86 0 454 
8 177 0 343 
32 239 43 282 
58 270 29 293 
9 432 16 304 
34 513 0 313 
123 543 0 319 
184 580 0 303 
192 639 0 305 
257 639 0 292 
375 623 3 287 
466 638 0 314 
569 639 0 437 
13 69 0 479 
23 155 0 446 
39 235 13 382 
57 269 0 415 
52 388 0 429 
73 470 0 427 
77 583 0 417 
130 625 0 418 
144 639 0 428 
192 639 0 414 
325 639 1 368 
443 639 0 404 
565 639 0 479 
6 72 0 479 
34 147 0 479 
30 246 0 479 
32 282 0 479 
25 404 0 479 
44 493 0 479 
58 585 0 479 
127 623 0 479 
145 639 0 479 
238 639 13 453 
376 619 12 460 
486 622 0 479 
545 639 0 479 
2 78 0 479 
21 166 38 479 
0 288 112 459 
10 299 94 470 
16 411 82 468 
96 463 108 447 
45 595 114 436 
69 639 77 474 
48 639 67 479 
221 639 82 479 
372 625 84 479 
491 624 41 479 
575 639 0 479 
0 91 30 479 
0 196 124 479 
0 293 176 477 
3 315 184 460 
41 404 145 479 
100 453 153 479 
77 558 205 436 
100 626 184 468 
66 639 163 479 
226 639 164 479 
376 629 163 479 
491 627 119 479 
568 639 31 479 
0 95 96 479 
0 206 190 479 
0 287 234 479 
0 318 239 479 
2 427 218 479 
36 508 202 479 
82 560 199 479 
102 632 206 479 
149 639 164 479 
275 639 183 479 
382 627 196 479 
482 623 154 479 
566 639 61 479 
0 107 153 479 
0 202 233 479 
0 289 267 479 
0 329 261 479 
20 405 237 479 
37 497 209 479 
122 516 223 479 
141 584 229 479 
188 628 218 479 
298 614 221 479 
399 606 218 479 
487 622 181 479 
571 639 71 479 
0 101 181 479 
0 203 222 479 
0 273 265 479 
0 326 276 479 
19 397 274 479 
58 459 269 479 
138 480 271 479 
186 524 284 479 
220 584 280 479 
306 594 283 479 
404 595 267 479 
481 620 230 479 
552 639 138 479 
0 129 228 479 
0 182 239 479 
0 275 301 479 
2 324 286 479 
42 379 282 479 
77 440 315 479 
129 485 310 479 
199 513 312 479 
243 565 318 479 
310 594 323 479 
370 635 304 479 
460 639 266 479 
531 639 203 479 
0 242 0 108 
0 246 0 80 
0 271 0 75 
9 327 0 93 
0 436 0 65 
289 639 0 70 
0 258 0 130 
0 279 7 113 
0 294 11 114 
0 378 20 107 
0 499 11 112 
14 528 2 106 
24 621 0 136 
12 639 0 116 
164 639 0 140 
204 639 0 140 
327 639 0 169 
352 639 0 160 
377 639 0 168 
0 257 0 209 
0 267 31 178 
15 261 36 171 
1 336 35 179 
0 490 0 212 
0 580 0 253 
58 598 0 264 
128 616 0 282 
189 622 0 295 
253 639 0 284 
348 639 0 280 
393 639 0 266 
389 639 0 244 
0 251 0 309 
0 245 0 331 
49 224 0 364 
36 297 0 329 
0 509 0 337 
0 580 0 322 
69 595 0 300 
116 639 0 291 
178 639 0 293 
269 623 0 292 
347 639 7 278 
385 639 3 266 
384 639 0 271 
0 281 35 348 
0 260 38 337 
52 227 0 417 
51 291 0 400 
0 530 29 349 
0 639 64 319 
0 639 104 271 
0 639 115 252 
76 639 136 246 
138 639 145 245 
243 639 131 259 
294 639 135 247 
323 639 73 289 
0 292 79 393 
0 319 133 363 
25 254 78 422 
7 319 105 396 
0 591 78 386 
0 639 146 319 
0 639 161 300 
9 639 170 273 
114 639 185 254 
215 639 187 253 
286 639 196 247 
230 639 202 258 
259 639 170 309 
0 280 190 383 
0 298 187 412 
23 257 149 444 
14 306 169 438 
0 558 119 461 
0 596 119 471 
7 628 102 479 
40 639 162 418 
103 639 176 410 
234 639 199 393 
281 639 214 371 
265 639 231 357 
241 639 201 393 
0 262 232 425 
0 267 212 446 
22 261 207 464 
7 316 212 462 
0 609 207 458 
0 601 179 472 
35 602 162 479 
30 639 185 479 
71 639 175 479 
268 634 234 460 
278 639 234 458 
286 639 256 424 
294 639 232 443 
0 292 278 479 
0 273 271 479 
9 269 274 479 
0 344 284 475 
0 558 293 467 
0 610 280 462 
65 573 259 479 
56 639 266 479 
187 637 250 479 
291 611 291 471 
321 639 265 479 
343 639 285 467 
344 639 280 479 
0 300 338 479 
0 282 340 479 
0 302 352 479 
0 396 371 465 
0 490 381 458 
0 598 372 464 
2 631 371 475 
28 639 356 479 
152 639 339 479 
270 631 338 479 
295 639 342 479 
287 639 370 477 
274 639 362 479 
0 301 420 479 
0 398 0 280 
0 465 0 228 
0 495 0 213 
0 567 0 217 
0 616 0 233 
0 639 0 202 
0 639 0 195 
0 639 0 163 
36 639 0 178 
80 639 0 191 
102 639 0 211 
108 639 0 209 
161 639 0 260 
0 381 0 335 
0 404 0 304 
0 445 0 276 
0 500 0 257 
0 580 0 301 
0 615 0 274 
0 639 0 238 
30 639 0 218 
97 639 0 220 
137 639 0 220 
192 639 0 242 
192 639 0 235 
211 639 0 295 
0 411 0 446 
0 408 0 367 
0 448 0 352 
0 525 0 337 
0 594 0 393 
0 603 0 404 
0 639 0 409 
24 639 0 431 
145 639 0 376 
180 639 0 398 
230 639 0 345 
258 639 0 305 
261 639 0 394 
0 378 0 444 
0 378 0 389 
0 416 0 307 
0 522 0 334 
0 568 0 325 
0 620 0 317 
0 639 0 320 
30 639 0 298 
136 639 0 293 
209 639 0 317 
227 639 0 334 
278 639 0 286 
273 639 0 390 
0 383 0 441 
0 361 0 380 
0 380 6 309 
0 489 15 301 
0 556 13 300 
0 585 0 322 
9 621 0 335 
87 639 0 309 
162 639 0 309 
199 639 0 306 
218 639 0 324 
219 639 0 330 
233 639 0 441 
0 394 0 479 
0 363 0 479 
0 367 0 411 
0 473 0 434 
0 608 0 425 
0 639 0 406 
0 639 3 377 
0 639 0 397 
88 639 0 386 
111 639 0 406 
102 639 0 398 
109 639 0 405 
187 639 0 479 
0 375 0 479 
0 361 0 479 
0 398 0 479 
0 486 0 479 
0 605 0 479 
0 639 0 479 
0 639 0 479 
0 639 0 479 
32 639 0 479 
55 639 0 479 
92 639 0 479 
102 639 0 479 
218 639 0 479 
0 369 0 479 
0 377 28 479 
0 408 47 479 
0 496 84 479 
0 593 99 464 
0 630 90 472 
0 639 98 462 
0 639 72 479 
22 639 53 479 
102 639 2 479 
83 639 52 479 
125 639 72 479 
229 639 0 479 
0 370 5 479 
0 382 76 479 
0 422 128 479 
0 533 192 461 
0 639 198 450 
0 639 170 478 
0 639 207 448 
0 639 197 461 
17 639 158 479 
113 639 100 479 
33 639 104 479 
95 639 120 479 
211 639 15 479 
0 402 105 479 
0 426 165 479 
0 445 200 479 
0 554 248 479 
0 639 261 479 
0 639 239 479 
0 639 188 479 
0 639 187 479 
31 639 143 479 
77 639 106 479 
69 639 138 479 
156 639 115 479 
225 639 39 479 
0 396 179 479 
0 443 223 479 
0 501 247 479 
0 571 247 479 
0 639 243 479 
0 639 235 479 
0 639 246 479 
3 639 249 479 
96 639 233 479 
133 639 186 479 
113 639 191 479 
175 639 184 479 
198 639 92 479 
0 397 189 479 
0 433 209 479 
0 481 237 479 
0 495 283 479 
0 548 293 479 
0 611 319 479 
0 637 315 479 
49 639 324 479 
130 639 317 479 
168 639 281 479 
191 639 268 479 
229 639 237 479 
222 639 148 479 
0 386 194 479 
0 417 227 479 
0 465 297 479 
0 512 309 479 
0 547 319 479 
0 596 364 479 
2 620 371 479 
62 639 363 479 
113 639 356 479 
147 639 331 479 
178 639 298 479 
204 639 277 479 
220 639 203 479 
